2000.01.03,00:00,0.65630,0.65740,0.65630,0.65700,13
2000.01.03,01:00,0.65800,0.66050,0.65801,0.66000,19
2000.01.03,02:00,0.66070,0.66070,0.65900,0.65930,30
2000.01.03,03:00,0.65950,0.65990,0.65830,0.65860,33
2000.01.03,04:00,0.65870,0.65870,0.65750,0.65760,24
2000.01.03,05:00,0.65750,0.65840,0.65750,0.65770,16
2000.01.03,06:00,0.65780,0.65860,0.65770,0.65830,26
2000.01.03,07:00,0.65810,0.65830,0.65670,0.65750,63
2000.01.03,08:00,0.65740,0.65760,0.65640,0.65660,86
2000.01.03,09:00,0.65700,0.65710,0.65570,0.65600,91
2000.01.03,10:00,0.65570,0.65800,0.65570,0.65760,174
2000.01.03,11:00,0.65770,0.65800,0.65690,0.65720,49
2000.01.03,12:00,0.65730,0.65750,0.65670,0.65710,32
2000.01.03,13:00,0.65680,0.65780,0.65650,0.65750,69
2000.01.03,14:00,0.65780,0.65880,0.65640,0.65820,184
2000.01.03,15:00,0.65770,0.65890,0.65760,0.65800,122
2000.01.03,16:00,0.65830,0.66010,0.65770,0.66010,54
2000.01.03,17:00,0.65980,0.66040,0.65890,0.65920,63
2000.01.03,18:00,0.65950,0.66050,0.65850,0.66000,70
2000.01.03,19:00,0.66050,0.66090,0.65910,0.65940,60
2000.01.03,20:00,0.65930,0.66150,0.65920,0.66120,53
2000.01.03,21:00,0.66150,0.66150,0.65830,0.65840,58
2000.01.03,22:00,0.65810,0.65880,0.65780,0.65840,49
2000.01.03,23:00,0.65830,0.65860,0.65730,0.65730,41
2000.01.04,00:00,0.65740,0.65780,0.65620,0.65700,35
2000.01.04,01:00,0.65710,0.65860,0.65670,0.65820,79
2000.01.04,02:00,0.65800,0.65850,0.65650,0.65710,73
2000.01.04,03:00,0.65730,0.65750,0.65620,0.65690,31
2000.01.04,04:00,0.65720,0.65840,0.65690,0.65770,66
2000.01.04,05:00,0.65820,0.65840,0.65750,0.65830,59
2000.01.04,06:00,0.65830,0.65940,0.65830,0.65900,47
2000.01.04,07:00,0.65910,0.65910,0.65750,0.65850,68
2000.01.04,08:00,0.65840,0.65900,0.65720,0.65850,149
2000.01.04,09:00,0.65840,0.65900,0.65720,0.65830,174
2000.01.04,10:00,0.65870,0.65900,0.65810,0.65870,156
2000.01.04,11:00,0.65820,0.65900,0.65820,0.65820,164
2000.01.04,12:00,0.65850,0.65900,0.65770,0.65870,130
2000.01.04,13:00,0.65820,0.65900,0.65770,0.65790,51
2000.01.04,14:00,0.65820,0.65850,0.65650,0.65760,223
2000.01.04,15:00,0.65760,0.65850,0.65700,0.65750,191
2000.01.04,16:00,0.65740,0.65810,0.65610,0.65720,158
2000.01.04,17:00,0.65700,0.65840,0.65560,0.65650,101
2000.01.04,18:00,0.65570,0.65670,0.65550,0.65620,66
2000.01.04,19:00,0.65610,0.65710,0.65600,0.65670,51
2000.01.04,20:00,0.65680,0.65760,0.65580,0.65590,67
2000.01.04,21:00,0.65660,0.65660,0.65470,0.65490,60
2000.01.04,22:00,0.65500,0.65550,0.65410,0.65480,89
2000.01.04,23:00,0.65460,0.65560,0.65420,0.65490,72
2000.01.05,00:00,0.65490,0.65520,0.65430,0.65480,31
2000.01.05,01:00,0.65490,0.65690,0.65460,0.65650,63
2000.01.05,02:00,0.65670,0.65690,0.65550,0.65600,64
2000.01.05,03:00,0.65600,0.65600,0.65480,0.65490,66
2000.01.05,04:00,0.65510,0.65600,0.65510,0.65560,50
2000.01.05,05:00,0.65570,0.65570,0.65520,0.65560,21
2000.01.05,06:00,0.65550,0.65550,0.65430,0.65460,41
2000.01.05,07:00,0.65460,0.65460,0.65350,0.65430,87
2000.01.05,08:00,0.65400,0.65500,0.65370,0.65470,118
2000.01.05,09:00,0.65490,0.65800,0.65420,0.65770,330
2000.01.05,10:00,0.65700,0.65850,0.65660,0.65830,146
2000.01.05,11:00,0.65870,0.65900,0.65770,0.65780,167
2000.01.05,12:00,0.65800,0.65850,0.65770,0.65810,184
2000.01.05,13:00,0.65800,0.65820,0.65690,0.65760,149
2000.01.05,14:00,0.65750,0.65980,0.65670,0.65930,148
2000.01.05,15:00,0.66000,0.66000,0.65800,0.65810,257
2000.01.05,16:00,0.65820,0.65860,0.65670,0.65720,121
2000.01.05,17:00,0.65700,0.65790,0.65500,0.65500,130
2000.01.05,18:00,0.65520,0.65650,0.65500,0.65610,110
2000.01.05,19:00,0.65620,0.65700,0.65580,0.65670,76
2000.01.05,20:00,0.65690,0.65810,0.65670,0.65790,61
2000.01.05,21:00,0.65800,0.65910,0.65770,0.65900,44
2000.01.05,22:00,0.65860,0.65900,0.65780,0.65830,59
2000.01.05,23:00,0.65810,0.65840,0.65730,0.65750,65
2000.01.06,00:00,0.65750,0.65830,0.65730,0.65750,36
2000.01.06,01:00,0.65760,0.65810,0.65670,0.65720,60
2000.01.06,02:00,0.65750,0.65780,0.65680,0.65770,58
2000.01.06,03:00,0.65780,0.65850,0.65750,0.65790,51
2000.01.06,04:00,0.65770,0.65840,0.65740,0.65770,58
2000.01.06,05:00,0.65790,0.65880,0.65760,0.65810,50
2000.01.06,06:00,0.65800,0.65890,0.65750,0.65840,75
2000.01.06,07:00,0.65800,0.65870,0.65790,0.65830,40
2000.01.06,08:00,0.65850,0.65880,0.65620,0.65680,237
2000.01.06,09:00,0.65650,0.65700,0.65480,0.65590,234
2000.01.06,10:00,0.65580,0.65670,0.65550,0.65580,118
2000.01.06,11:00,0.65590,0.65750,0.65570,0.65650,196
2000.01.06,12:00,0.65610,0.65760,0.65570,0.65740,156
2000.01.06,13:00,0.65750,0.65750,0.65570,0.65630,257
2000.01.06,14:00,0.65630,0.65670,0.65560,0.65660,201
2000.01.06,15:00,0.65650,0.65680,0.65490,0.65560,194
2000.01.06,16:00,0.65600,0.65650,0.65420,0.65510,188
2000.01.06,17:00,0.65520,0.65550,0.65410,0.65440,115
2000.01.06,18:00,0.65450,0.65450,0.65290,0.65430,101
2000.01.06,19:00,0.65450,0.65510,0.65370,0.65480,84
2000.01.06,20:00,0.65470,0.65510,0.65410,0.65490,49
2000.01.06,21:00,0.65500,0.65530,0.65390,0.65420,29
2000.01.06,22:00,0.65400,0.65450,0.65250,0.65290,88
2000.01.06,23:00,0.65280,0.65350,0.65270,0.65330,42
2000.01.07,00:00,0.65360,0.65370,0.65310,0.65340,25
2000.01.07,01:00,0.65320,0.65400,0.65300,0.65320,54
2000.01.07,02:00,0.65310,0.65360,0.65270,0.65320,61
2000.01.07,03:00,0.65330,0.65440,0.65290,0.65440,61
